{
 "cells": [
  {
   "cell_type": "raw",
   "id": "3d3a9111-a16b-4497-9459-255d62e48ed0",
   "metadata": {},
   "source": [
    "# ADS-500B-01-FA21 {-}\n",
    "# Final Data Science Programming Project {-}\n",
    "# Claire Phibbs & Aaron Carr {-}"
   ]
  },
  {
   "cell_type": "raw",
   "id": "2b4a3b23-0c8c-4e00-a2d6-2199b1a1ab80",
   "metadata": {},
   "source": [
    "### Import libariaries for data processing & analysis {-}"
   ]
  },
  {
   "cell_type": "code",
   "execution_count": 1,
   "id": "aa518016-f1d1-4946-bda7-d5bd328c1cbe",
   "metadata": {},
   "outputs": [],
   "source": [
    "import numpy as np\n",
    "import pandas as pd\n",
    "import matplotlib as mpl\n",
    "import matplotlib.pyplot as plt\n",
    "import seaborn as sns"
   ]
  },
  {
   "cell_type": "markdown",
   "id": "edadcde6-66c6-4426-a037-4fc5042386dd",
   "metadata": {},
   "source": [
    "# Demoing bank csv file"
   ]
  },
  {
   "cell_type": "code",
   "execution_count": 2,
   "id": "cbc94099-1c74-484d-b699-bdbb0eedbb0a",
   "metadata": {},
   "outputs": [
    {
     "name": "stdout",
     "output_type": "stream",
     "text": [
      "        age           job   marital  education default  balance housing loan  \\\n",
      "0      58.0    management   married   tertiary      no     2143     yes   no   \n",
      "1      44.0    technician    single  secondary      no       29     yes   no   \n",
      "2      33.0  entrepreneur   married  secondary      no        2     yes  yes   \n",
      "3      47.0   blue-collar   married    unknown      no     1506     yes   no   \n",
      "4      33.0       unknown    single    unknown      no        1      no   no   \n",
      "...     ...           ...       ...        ...     ...      ...     ...  ...   \n",
      "45206  51.0    technician   married   tertiary      no      825      no   no   \n",
      "45207  71.0       retired  divorced    primary      no     1729      no   no   \n",
      "45208  72.0       retired   married  secondary      no     5715      no   no   \n",
      "45209  57.0   blue-collar   married  secondary      no      668      no   no   \n",
      "45210  37.0  entrepreneur   married  secondary      no     2971      no   no   \n",
      "\n",
      "         contact  day month  duration  campaign  pdays  previous poutcome  \\\n",
      "0        unknown    5   may       261         1     -1         0  unknown   \n",
      "1        unknown    5   may       151         1     -1         0  unknown   \n",
      "2        unknown    5   may        76         1     -1         0  unknown   \n",
      "3        unknown    5   may        92         1     -1         0  unknown   \n",
      "4            NaN    5   may       198         1     -1         0  unknown   \n",
      "...          ...  ...   ...       ...       ...    ...       ...      ...   \n",
      "45206   cellular   17   nov       977         3     -1         0  unknown   \n",
      "45207   cellular   17   nov       456         2     -1         0  unknown   \n",
      "45208   cellular   17   nov      1127         5    184         3  success   \n",
      "45209  telephone   17   nov       508         4     -1         0  unknown   \n",
      "45210   cellular   17   nov       361         2    188        11    other   \n",
      "\n",
      "      deposit  \n",
      "0          no  \n",
      "1          no  \n",
      "2          no  \n",
      "3          no  \n",
      "4          no  \n",
      "...       ...  \n",
      "45206     yes  \n",
      "45207     yes  \n",
      "45208     yes  \n",
      "45209      no  \n",
      "45210      no  \n",
      "\n",
      "[45211 rows x 17 columns]\n",
      "age          1339\n",
      "job             0\n",
      "marital         0\n",
      "education       0\n",
      "default      1306\n",
      "balance         0\n",
      "housing         0\n",
      "loan            0\n",
      "contact      1383\n",
      "day             0\n",
      "month           0\n",
      "duration        0\n",
      "campaign        0\n",
      "pdays           0\n",
      "previous        0\n",
      "poutcome        0\n",
      "deposit         0\n",
      "dtype: int64\n"
     ]
    }
   ],
   "source": [
    "bank_df1 = pd.read_csv('bank_marketing.csv', header=0, sep=';')\n",
    "print(bank_df1)\n",
    "print(bank_df1.isnull().sum())"
   ]
  },
  {
   "cell_type": "code",
   "execution_count": 3,
   "id": "691241bb-3f9c-4521-85c0-0bac1dd47393",
   "metadata": {},
   "outputs": [
    {
     "name": "stdout",
     "output_type": "stream",
     "text": [
      "['age', 'job', 'marital', 'education', 'default', 'balance', 'housing', 'loan', 'contact', 'day', 'month', 'duration', 'campaign', 'pdays', 'previous', 'poutcome', 'deposit']\n",
      "17\n"
     ]
    }
   ],
   "source": [
    "bank_cols_lst = bank_df1.columns.values.tolist()\n",
    "print(bank_cols_lst)\n",
    "print(len(bank_cols_lst))"
   ]
  },
  {
   "cell_type": "code",
   "execution_count": 4,
   "id": "9262b9a5-5f9b-4adc-9224-d4e073510430",
   "metadata": {},
   "outputs": [
    {
     "data": {
      "text/html": [
       "<div>\n",
       "<style scoped>\n",
       "    .dataframe tbody tr th:only-of-type {\n",
       "        vertical-align: middle;\n",
       "    }\n",
       "\n",
       "    .dataframe tbody tr th {\n",
       "        vertical-align: top;\n",
       "    }\n",
       "\n",
       "    .dataframe thead th {\n",
       "        text-align: right;\n",
       "    }\n",
       "</style>\n",
       "<table border=\"1\" class=\"dataframe\">\n",
       "  <thead>\n",
       "    <tr style=\"text-align: right;\">\n",
       "      <th></th>\n",
       "      <th>age</th>\n",
       "      <th>balance</th>\n",
       "      <th>day</th>\n",
       "      <th>duration</th>\n",
       "      <th>campaign</th>\n",
       "      <th>pdays</th>\n",
       "      <th>previous</th>\n",
       "    </tr>\n",
       "  </thead>\n",
       "  <tbody>\n",
       "    <tr>\n",
       "      <th>age</th>\n",
       "      <td>1.000000</td>\n",
       "      <td>0.097713</td>\n",
       "      <td>-0.008851</td>\n",
       "      <td>-0.003159</td>\n",
       "      <td>0.004933</td>\n",
       "      <td>-0.022138</td>\n",
       "      <td>0.001445</td>\n",
       "    </tr>\n",
       "    <tr>\n",
       "      <th>balance</th>\n",
       "      <td>0.097713</td>\n",
       "      <td>1.000000</td>\n",
       "      <td>0.004503</td>\n",
       "      <td>0.021560</td>\n",
       "      <td>-0.014578</td>\n",
       "      <td>0.003435</td>\n",
       "      <td>0.016674</td>\n",
       "    </tr>\n",
       "    <tr>\n",
       "      <th>day</th>\n",
       "      <td>-0.008851</td>\n",
       "      <td>0.004503</td>\n",
       "      <td>1.000000</td>\n",
       "      <td>-0.030206</td>\n",
       "      <td>0.162490</td>\n",
       "      <td>-0.093044</td>\n",
       "      <td>-0.051710</td>\n",
       "    </tr>\n",
       "    <tr>\n",
       "      <th>duration</th>\n",
       "      <td>-0.003159</td>\n",
       "      <td>0.021560</td>\n",
       "      <td>-0.030206</td>\n",
       "      <td>1.000000</td>\n",
       "      <td>-0.084570</td>\n",
       "      <td>-0.001565</td>\n",
       "      <td>0.001203</td>\n",
       "    </tr>\n",
       "    <tr>\n",
       "      <th>campaign</th>\n",
       "      <td>0.004933</td>\n",
       "      <td>-0.014578</td>\n",
       "      <td>0.162490</td>\n",
       "      <td>-0.084570</td>\n",
       "      <td>1.000000</td>\n",
       "      <td>-0.088628</td>\n",
       "      <td>-0.032855</td>\n",
       "    </tr>\n",
       "    <tr>\n",
       "      <th>pdays</th>\n",
       "      <td>-0.022138</td>\n",
       "      <td>0.003435</td>\n",
       "      <td>-0.093044</td>\n",
       "      <td>-0.001565</td>\n",
       "      <td>-0.088628</td>\n",
       "      <td>1.000000</td>\n",
       "      <td>0.454820</td>\n",
       "    </tr>\n",
       "    <tr>\n",
       "      <th>previous</th>\n",
       "      <td>0.001445</td>\n",
       "      <td>0.016674</td>\n",
       "      <td>-0.051710</td>\n",
       "      <td>0.001203</td>\n",
       "      <td>-0.032855</td>\n",
       "      <td>0.454820</td>\n",
       "      <td>1.000000</td>\n",
       "    </tr>\n",
       "  </tbody>\n",
       "</table>\n",
       "</div>"
      ],
      "text/plain": [
       "               age   balance       day  duration  campaign     pdays  previous\n",
       "age       1.000000  0.097713 -0.008851 -0.003159  0.004933 -0.022138  0.001445\n",
       "balance   0.097713  1.000000  0.004503  0.021560 -0.014578  0.003435  0.016674\n",
       "day      -0.008851  0.004503  1.000000 -0.030206  0.162490 -0.093044 -0.051710\n",
       "duration -0.003159  0.021560 -0.030206  1.000000 -0.084570 -0.001565  0.001203\n",
       "campaign  0.004933 -0.014578  0.162490 -0.084570  1.000000 -0.088628 -0.032855\n",
       "pdays    -0.022138  0.003435 -0.093044 -0.001565 -0.088628  1.000000  0.454820\n",
       "previous  0.001445  0.016674 -0.051710  0.001203 -0.032855  0.454820  1.000000"
      ]
     },
     "execution_count": 4,
     "metadata": {},
     "output_type": "execute_result"
    }
   ],
   "source": [
    "bank_df1.loc[:, bank_cols_lst].corr() # generate correlation matrix"
   ]
  },
  {
   "cell_type": "markdown",
   "id": "56e4a0eb-25cf-4983-b69d-792091dbec8a",
   "metadata": {},
   "source": [
    "# Demoing house csv file"
   ]
  },
  {
   "cell_type": "code",
   "execution_count": 5,
   "id": "142428db-d6e7-4fe9-ab1a-de804dd5c8f0",
   "metadata": {},
   "outputs": [
    {
     "name": "stdout",
     "output_type": "stream",
     "text": [
      "               id             date     price  bedrooms  bathrooms  \\\n",
      "0      7129300520  20141013T000000  221900.0       3.0       1.00   \n",
      "1      6414100192  20141209T000000  538000.0       3.0       2.25   \n",
      "2      5631500400  20150225T000000  180000.0       2.0       1.00   \n",
      "3      2487200875  20141209T000000  604000.0       4.0       3.00   \n",
      "4      1954400510  20150218T000000  510000.0       3.0       2.00   \n",
      "...           ...              ...       ...       ...        ...   \n",
      "21608   263000018  20140521T000000  360000.0       3.0       2.50   \n",
      "21609  6600060120  20150223T000000  400000.0       4.0       2.50   \n",
      "21610  1523300141  20140623T000000  402101.0       2.0       0.75   \n",
      "21611   291310100  20150116T000000  400000.0       3.0       2.50   \n",
      "21612  1523300157  20141015T000000  325000.0       2.0       0.75   \n",
      "\n",
      "       sqft_living  sqft_lot  floors  waterfront  view  ...  grade  \\\n",
      "0           1180.0    5650.0     1.0           0     0  ...      7   \n",
      "1           2570.0    7242.0     2.0           0     0  ...      7   \n",
      "2            770.0   10000.0     1.0           0     0  ...      6   \n",
      "3           1960.0    5000.0     1.0           0     0  ...      7   \n",
      "4           1680.0    8080.0     1.0           0     0  ...      8   \n",
      "...            ...       ...     ...         ...   ...  ...    ...   \n",
      "21608       1530.0    1131.0     3.0           0     0  ...      8   \n",
      "21609       2310.0    5813.0     2.0           0     0  ...      8   \n",
      "21610       1020.0    1350.0     2.0           0     0  ...      7   \n",
      "21611       1600.0    2388.0     2.0           0     0  ...      8   \n",
      "21612       1020.0    1076.0     2.0           0     0  ...      7   \n",
      "\n",
      "       sqft_above  sqft_basement  yr_built  yr_renovated  zipcode      lat  \\\n",
      "0            1180              0      1955             0    98178  47.5112   \n",
      "1            2170            400      1951          1991    98125  47.7210   \n",
      "2             770              0      1933             0    98028  47.7379   \n",
      "3            1050            910      1965             0    98136  47.5208   \n",
      "4            1680              0      1987             0    98074  47.6168   \n",
      "...           ...            ...       ...           ...      ...      ...   \n",
      "21608        1530              0      2009             0    98103  47.6993   \n",
      "21609        2310              0      2014             0    98146  47.5107   \n",
      "21610        1020              0      2009             0    98144  47.5944   \n",
      "21611        1600              0      2004             0    98027  47.5345   \n",
      "21612        1020              0      2008             0    98144  47.5941   \n",
      "\n",
      "          long  sqft_living15  sqft_lot15  \n",
      "0     -122.257           1340        5650  \n",
      "1     -122.319           1690        7639  \n",
      "2     -122.233           2720        8062  \n",
      "3     -122.393           1360        5000  \n",
      "4     -122.045           1800        7503  \n",
      "...        ...            ...         ...  \n",
      "21608 -122.346           1530        1509  \n",
      "21609 -122.362           1830        7200  \n",
      "21610 -122.299           1020        2007  \n",
      "21611 -122.069           1410        1287  \n",
      "21612 -122.299           1020        1357  \n",
      "\n",
      "[21613 rows x 21 columns]\n",
      "id                  0\n",
      "date                0\n",
      "price               0\n",
      "bedrooms         1134\n",
      "bathrooms        1068\n",
      "sqft_living      1110\n",
      "sqft_lot         1044\n",
      "floors              0\n",
      "waterfront          0\n",
      "view                0\n",
      "condition           0\n",
      "grade               0\n",
      "sqft_above          0\n",
      "sqft_basement       0\n",
      "yr_built            0\n",
      "yr_renovated        0\n",
      "zipcode             0\n",
      "lat                 0\n",
      "long                0\n",
      "sqft_living15       0\n",
      "sqft_lot15          0\n",
      "dtype: int64\n"
     ]
    }
   ],
   "source": [
    "house_df1 = pd.read_csv('house_sales.csv', header=0)\n",
    "print(house_df1)\n",
    "print(house_df1.isnull().sum())"
   ]
  },
  {
   "cell_type": "code",
   "execution_count": 6,
   "id": "f306f94f-7e01-4c50-95d8-8e8d9b30af37",
   "metadata": {},
   "outputs": [
    {
     "name": "stdout",
     "output_type": "stream",
     "text": [
      "['id', 'date', 'price', 'bedrooms', 'bathrooms', 'sqft_living', 'sqft_lot', 'floors', 'waterfront', 'view', 'condition', 'grade', 'sqft_above', 'sqft_basement', 'yr_built', 'yr_renovated', 'zipcode', 'lat', 'long', 'sqft_living15', 'sqft_lot15']\n",
      "21\n"
     ]
    }
   ],
   "source": [
    "house_cols_lst = house_df1.columns.values.tolist()\n",
    "print(house_cols_lst)\n",
    "print(len(house_cols_lst))"
   ]
  },
  {
   "cell_type": "code",
   "execution_count": 7,
   "id": "d3e93b41-1f79-4e80-a209-ad69737a49f4",
   "metadata": {},
   "outputs": [
    {
     "data": {
      "text/html": [
       "<div>\n",
       "<style scoped>\n",
       "    .dataframe tbody tr th:only-of-type {\n",
       "        vertical-align: middle;\n",
       "    }\n",
       "\n",
       "    .dataframe tbody tr th {\n",
       "        vertical-align: top;\n",
       "    }\n",
       "\n",
       "    .dataframe thead th {\n",
       "        text-align: right;\n",
       "    }\n",
       "</style>\n",
       "<table border=\"1\" class=\"dataframe\">\n",
       "  <thead>\n",
       "    <tr style=\"text-align: right;\">\n",
       "      <th></th>\n",
       "      <th>id</th>\n",
       "      <th>price</th>\n",
       "      <th>bedrooms</th>\n",
       "      <th>bathrooms</th>\n",
       "      <th>sqft_living</th>\n",
       "      <th>sqft_lot</th>\n",
       "      <th>floors</th>\n",
       "      <th>waterfront</th>\n",
       "      <th>view</th>\n",
       "      <th>condition</th>\n",
       "      <th>grade</th>\n",
       "      <th>sqft_above</th>\n",
       "      <th>sqft_basement</th>\n",
       "      <th>yr_built</th>\n",
       "      <th>yr_renovated</th>\n",
       "      <th>zipcode</th>\n",
       "      <th>lat</th>\n",
       "      <th>long</th>\n",
       "      <th>sqft_living15</th>\n",
       "      <th>sqft_lot15</th>\n",
       "    </tr>\n",
       "  </thead>\n",
       "  <tbody>\n",
       "    <tr>\n",
       "      <th>id</th>\n",
       "      <td>1.000000</td>\n",
       "      <td>-0.016762</td>\n",
       "      <td>0.003478</td>\n",
       "      <td>0.002095</td>\n",
       "      <td>-0.011733</td>\n",
       "      <td>-0.133237</td>\n",
       "      <td>0.018525</td>\n",
       "      <td>-0.002721</td>\n",
       "      <td>0.011592</td>\n",
       "      <td>-0.023783</td>\n",
       "      <td>0.008130</td>\n",
       "      <td>-0.010842</td>\n",
       "      <td>-0.005151</td>\n",
       "      <td>0.021380</td>\n",
       "      <td>-0.016907</td>\n",
       "      <td>-0.008224</td>\n",
       "      <td>-0.001891</td>\n",
       "      <td>0.020799</td>\n",
       "      <td>-0.002901</td>\n",
       "      <td>-0.138798</td>\n",
       "    </tr>\n",
       "    <tr>\n",
       "      <th>price</th>\n",
       "      <td>-0.016762</td>\n",
       "      <td>1.000000</td>\n",
       "      <td>0.310823</td>\n",
       "      <td>0.526600</td>\n",
       "      <td>0.701579</td>\n",
       "      <td>0.088422</td>\n",
       "      <td>0.256794</td>\n",
       "      <td>0.266369</td>\n",
       "      <td>0.397293</td>\n",
       "      <td>0.036362</td>\n",
       "      <td>0.667434</td>\n",
       "      <td>0.605567</td>\n",
       "      <td>0.323816</td>\n",
       "      <td>0.054012</td>\n",
       "      <td>0.126434</td>\n",
       "      <td>-0.053203</td>\n",
       "      <td>0.307003</td>\n",
       "      <td>0.021626</td>\n",
       "      <td>0.585379</td>\n",
       "      <td>0.082447</td>\n",
       "    </tr>\n",
       "    <tr>\n",
       "      <th>bedrooms</th>\n",
       "      <td>0.003478</td>\n",
       "      <td>0.310823</td>\n",
       "      <td>1.000000</td>\n",
       "      <td>0.515814</td>\n",
       "      <td>0.575974</td>\n",
       "      <td>0.028413</td>\n",
       "      <td>0.178472</td>\n",
       "      <td>-0.004474</td>\n",
       "      <td>0.082579</td>\n",
       "      <td>0.028169</td>\n",
       "      <td>0.359268</td>\n",
       "      <td>0.478380</td>\n",
       "      <td>0.302168</td>\n",
       "      <td>0.156249</td>\n",
       "      <td>0.019990</td>\n",
       "      <td>-0.154337</td>\n",
       "      <td>-0.009264</td>\n",
       "      <td>0.130509</td>\n",
       "      <td>0.392849</td>\n",
       "      <td>0.025323</td>\n",
       "    </tr>\n",
       "    <tr>\n",
       "      <th>bathrooms</th>\n",
       "      <td>0.002095</td>\n",
       "      <td>0.526600</td>\n",
       "      <td>0.515814</td>\n",
       "      <td>1.000000</td>\n",
       "      <td>0.754229</td>\n",
       "      <td>0.086867</td>\n",
       "      <td>0.501394</td>\n",
       "      <td>0.068412</td>\n",
       "      <td>0.186092</td>\n",
       "      <td>-0.125976</td>\n",
       "      <td>0.665890</td>\n",
       "      <td>0.685552</td>\n",
       "      <td>0.284030</td>\n",
       "      <td>0.507716</td>\n",
       "      <td>0.049887</td>\n",
       "      <td>-0.205680</td>\n",
       "      <td>0.027456</td>\n",
       "      <td>0.224369</td>\n",
       "      <td>0.569493</td>\n",
       "      <td>0.088615</td>\n",
       "    </tr>\n",
       "    <tr>\n",
       "      <th>sqft_living</th>\n",
       "      <td>-0.011733</td>\n",
       "      <td>0.701579</td>\n",
       "      <td>0.575974</td>\n",
       "      <td>0.754229</td>\n",
       "      <td>1.000000</td>\n",
       "      <td>0.168363</td>\n",
       "      <td>0.355316</td>\n",
       "      <td>0.107053</td>\n",
       "      <td>0.284038</td>\n",
       "      <td>-0.059371</td>\n",
       "      <td>0.763833</td>\n",
       "      <td>0.875966</td>\n",
       "      <td>0.432535</td>\n",
       "      <td>0.319783</td>\n",
       "      <td>0.057034</td>\n",
       "      <td>-0.199637</td>\n",
       "      <td>0.051092</td>\n",
       "      <td>0.239572</td>\n",
       "      <td>0.756901</td>\n",
       "      <td>0.181697</td>\n",
       "    </tr>\n",
       "    <tr>\n",
       "      <th>sqft_lot</th>\n",
       "      <td>-0.133237</td>\n",
       "      <td>0.088422</td>\n",
       "      <td>0.028413</td>\n",
       "      <td>0.086867</td>\n",
       "      <td>0.168363</td>\n",
       "      <td>1.000000</td>\n",
       "      <td>-0.005682</td>\n",
       "      <td>0.021173</td>\n",
       "      <td>0.074342</td>\n",
       "      <td>-0.009154</td>\n",
       "      <td>0.111713</td>\n",
       "      <td>0.181152</td>\n",
       "      <td>0.015569</td>\n",
       "      <td>0.052165</td>\n",
       "      <td>0.008996</td>\n",
       "      <td>-0.131311</td>\n",
       "      <td>-0.087750</td>\n",
       "      <td>0.229369</td>\n",
       "      <td>0.145112</td>\n",
       "      <td>0.728800</td>\n",
       "    </tr>\n",
       "    <tr>\n",
       "      <th>floors</th>\n",
       "      <td>0.018525</td>\n",
       "      <td>0.256794</td>\n",
       "      <td>0.178472</td>\n",
       "      <td>0.501394</td>\n",
       "      <td>0.355316</td>\n",
       "      <td>-0.005682</td>\n",
       "      <td>1.000000</td>\n",
       "      <td>0.023698</td>\n",
       "      <td>0.029444</td>\n",
       "      <td>-0.263768</td>\n",
       "      <td>0.458183</td>\n",
       "      <td>0.523885</td>\n",
       "      <td>-0.245705</td>\n",
       "      <td>0.489319</td>\n",
       "      <td>0.006338</td>\n",
       "      <td>-0.059121</td>\n",
       "      <td>0.049614</td>\n",
       "      <td>0.125419</td>\n",
       "      <td>0.279885</td>\n",
       "      <td>-0.011269</td>\n",
       "    </tr>\n",
       "    <tr>\n",
       "      <th>waterfront</th>\n",
       "      <td>-0.002721</td>\n",
       "      <td>0.266369</td>\n",
       "      <td>-0.004474</td>\n",
       "      <td>0.068412</td>\n",
       "      <td>0.107053</td>\n",
       "      <td>0.021173</td>\n",
       "      <td>0.023698</td>\n",
       "      <td>1.000000</td>\n",
       "      <td>0.401857</td>\n",
       "      <td>0.016653</td>\n",
       "      <td>0.082775</td>\n",
       "      <td>0.072075</td>\n",
       "      <td>0.080588</td>\n",
       "      <td>-0.026161</td>\n",
       "      <td>0.092885</td>\n",
       "      <td>0.030285</td>\n",
       "      <td>-0.014274</td>\n",
       "      <td>-0.041910</td>\n",
       "      <td>0.086463</td>\n",
       "      <td>0.030703</td>\n",
       "    </tr>\n",
       "    <tr>\n",
       "      <th>view</th>\n",
       "      <td>0.011592</td>\n",
       "      <td>0.397293</td>\n",
       "      <td>0.082579</td>\n",
       "      <td>0.186092</td>\n",
       "      <td>0.284038</td>\n",
       "      <td>0.074342</td>\n",
       "      <td>0.029444</td>\n",
       "      <td>0.401857</td>\n",
       "      <td>1.000000</td>\n",
       "      <td>0.045990</td>\n",
       "      <td>0.251321</td>\n",
       "      <td>0.167649</td>\n",
       "      <td>0.276947</td>\n",
       "      <td>-0.053440</td>\n",
       "      <td>0.103917</td>\n",
       "      <td>0.084827</td>\n",
       "      <td>0.006157</td>\n",
       "      <td>-0.078400</td>\n",
       "      <td>0.280439</td>\n",
       "      <td>0.072575</td>\n",
       "    </tr>\n",
       "    <tr>\n",
       "      <th>condition</th>\n",
       "      <td>-0.023783</td>\n",
       "      <td>0.036362</td>\n",
       "      <td>0.028169</td>\n",
       "      <td>-0.125976</td>\n",
       "      <td>-0.059371</td>\n",
       "      <td>-0.009154</td>\n",
       "      <td>-0.263768</td>\n",
       "      <td>0.016653</td>\n",
       "      <td>0.045990</td>\n",
       "      <td>1.000000</td>\n",
       "      <td>-0.144674</td>\n",
       "      <td>-0.158214</td>\n",
       "      <td>0.174105</td>\n",
       "      <td>-0.361417</td>\n",
       "      <td>-0.060618</td>\n",
       "      <td>0.003026</td>\n",
       "      <td>-0.014941</td>\n",
       "      <td>-0.106500</td>\n",
       "      <td>-0.092824</td>\n",
       "      <td>-0.003406</td>\n",
       "    </tr>\n",
       "    <tr>\n",
       "      <th>grade</th>\n",
       "      <td>0.008130</td>\n",
       "      <td>0.667434</td>\n",
       "      <td>0.359268</td>\n",
       "      <td>0.665890</td>\n",
       "      <td>0.763833</td>\n",
       "      <td>0.111713</td>\n",
       "      <td>0.458183</td>\n",
       "      <td>0.082775</td>\n",
       "      <td>0.251321</td>\n",
       "      <td>-0.144674</td>\n",
       "      <td>1.000000</td>\n",
       "      <td>0.755923</td>\n",
       "      <td>0.168392</td>\n",
       "      <td>0.446963</td>\n",
       "      <td>0.014414</td>\n",
       "      <td>-0.184862</td>\n",
       "      <td>0.114084</td>\n",
       "      <td>0.198372</td>\n",
       "      <td>0.713202</td>\n",
       "      <td>0.119248</td>\n",
       "    </tr>\n",
       "    <tr>\n",
       "      <th>sqft_above</th>\n",
       "      <td>-0.010842</td>\n",
       "      <td>0.605567</td>\n",
       "      <td>0.478380</td>\n",
       "      <td>0.685552</td>\n",
       "      <td>0.875966</td>\n",
       "      <td>0.181152</td>\n",
       "      <td>0.523885</td>\n",
       "      <td>0.072075</td>\n",
       "      <td>0.167649</td>\n",
       "      <td>-0.158214</td>\n",
       "      <td>0.755923</td>\n",
       "      <td>1.000000</td>\n",
       "      <td>-0.051943</td>\n",
       "      <td>0.423898</td>\n",
       "      <td>0.023285</td>\n",
       "      <td>-0.261190</td>\n",
       "      <td>-0.000816</td>\n",
       "      <td>0.343803</td>\n",
       "      <td>0.731870</td>\n",
       "      <td>0.194050</td>\n",
       "    </tr>\n",
       "    <tr>\n",
       "      <th>sqft_basement</th>\n",
       "      <td>-0.005151</td>\n",
       "      <td>0.323816</td>\n",
       "      <td>0.302168</td>\n",
       "      <td>0.284030</td>\n",
       "      <td>0.432535</td>\n",
       "      <td>0.015569</td>\n",
       "      <td>-0.245705</td>\n",
       "      <td>0.080588</td>\n",
       "      <td>0.276947</td>\n",
       "      <td>0.174105</td>\n",
       "      <td>0.168392</td>\n",
       "      <td>-0.051943</td>\n",
       "      <td>1.000000</td>\n",
       "      <td>-0.133124</td>\n",
       "      <td>0.071323</td>\n",
       "      <td>0.074845</td>\n",
       "      <td>0.110538</td>\n",
       "      <td>-0.144765</td>\n",
       "      <td>0.200355</td>\n",
       "      <td>0.017276</td>\n",
       "    </tr>\n",
       "    <tr>\n",
       "      <th>yr_built</th>\n",
       "      <td>0.021380</td>\n",
       "      <td>0.054012</td>\n",
       "      <td>0.156249</td>\n",
       "      <td>0.507716</td>\n",
       "      <td>0.319783</td>\n",
       "      <td>0.052165</td>\n",
       "      <td>0.489319</td>\n",
       "      <td>-0.026161</td>\n",
       "      <td>-0.053440</td>\n",
       "      <td>-0.361417</td>\n",
       "      <td>0.446963</td>\n",
       "      <td>0.423898</td>\n",
       "      <td>-0.133124</td>\n",
       "      <td>1.000000</td>\n",
       "      <td>-0.224874</td>\n",
       "      <td>-0.346869</td>\n",
       "      <td>-0.148122</td>\n",
       "      <td>0.409356</td>\n",
       "      <td>0.326229</td>\n",
       "      <td>0.070958</td>\n",
       "    </tr>\n",
       "    <tr>\n",
       "      <th>yr_renovated</th>\n",
       "      <td>-0.016907</td>\n",
       "      <td>0.126434</td>\n",
       "      <td>0.019990</td>\n",
       "      <td>0.049887</td>\n",
       "      <td>0.057034</td>\n",
       "      <td>0.008996</td>\n",
       "      <td>0.006338</td>\n",
       "      <td>0.092885</td>\n",
       "      <td>0.103917</td>\n",
       "      <td>-0.060618</td>\n",
       "      <td>0.014414</td>\n",
       "      <td>0.023285</td>\n",
       "      <td>0.071323</td>\n",
       "      <td>-0.224874</td>\n",
       "      <td>1.000000</td>\n",
       "      <td>0.064357</td>\n",
       "      <td>0.029398</td>\n",
       "      <td>-0.068372</td>\n",
       "      <td>-0.002673</td>\n",
       "      <td>0.007854</td>\n",
       "    </tr>\n",
       "    <tr>\n",
       "      <th>zipcode</th>\n",
       "      <td>-0.008224</td>\n",
       "      <td>-0.053203</td>\n",
       "      <td>-0.154337</td>\n",
       "      <td>-0.205680</td>\n",
       "      <td>-0.199637</td>\n",
       "      <td>-0.131311</td>\n",
       "      <td>-0.059121</td>\n",
       "      <td>0.030285</td>\n",
       "      <td>0.084827</td>\n",
       "      <td>0.003026</td>\n",
       "      <td>-0.184862</td>\n",
       "      <td>-0.261190</td>\n",
       "      <td>0.074845</td>\n",
       "      <td>-0.346869</td>\n",
       "      <td>0.064357</td>\n",
       "      <td>1.000000</td>\n",
       "      <td>0.267048</td>\n",
       "      <td>-0.564072</td>\n",
       "      <td>-0.279033</td>\n",
       "      <td>-0.147221</td>\n",
       "    </tr>\n",
       "    <tr>\n",
       "      <th>lat</th>\n",
       "      <td>-0.001891</td>\n",
       "      <td>0.307003</td>\n",
       "      <td>-0.009264</td>\n",
       "      <td>0.027456</td>\n",
       "      <td>0.051092</td>\n",
       "      <td>-0.087750</td>\n",
       "      <td>0.049614</td>\n",
       "      <td>-0.014274</td>\n",
       "      <td>0.006157</td>\n",
       "      <td>-0.014941</td>\n",
       "      <td>0.114084</td>\n",
       "      <td>-0.000816</td>\n",
       "      <td>0.110538</td>\n",
       "      <td>-0.148122</td>\n",
       "      <td>0.029398</td>\n",
       "      <td>0.267048</td>\n",
       "      <td>1.000000</td>\n",
       "      <td>-0.135512</td>\n",
       "      <td>0.048858</td>\n",
       "      <td>-0.086419</td>\n",
       "    </tr>\n",
       "    <tr>\n",
       "      <th>long</th>\n",
       "      <td>0.020799</td>\n",
       "      <td>0.021626</td>\n",
       "      <td>0.130509</td>\n",
       "      <td>0.224369</td>\n",
       "      <td>0.239572</td>\n",
       "      <td>0.229369</td>\n",
       "      <td>0.125419</td>\n",
       "      <td>-0.041910</td>\n",
       "      <td>-0.078400</td>\n",
       "      <td>-0.106500</td>\n",
       "      <td>0.198372</td>\n",
       "      <td>0.343803</td>\n",
       "      <td>-0.144765</td>\n",
       "      <td>0.409356</td>\n",
       "      <td>-0.068372</td>\n",
       "      <td>-0.564072</td>\n",
       "      <td>-0.135512</td>\n",
       "      <td>1.000000</td>\n",
       "      <td>0.334605</td>\n",
       "      <td>0.254451</td>\n",
       "    </tr>\n",
       "    <tr>\n",
       "      <th>sqft_living15</th>\n",
       "      <td>-0.002901</td>\n",
       "      <td>0.585379</td>\n",
       "      <td>0.392849</td>\n",
       "      <td>0.569493</td>\n",
       "      <td>0.756901</td>\n",
       "      <td>0.145112</td>\n",
       "      <td>0.279885</td>\n",
       "      <td>0.086463</td>\n",
       "      <td>0.280439</td>\n",
       "      <td>-0.092824</td>\n",
       "      <td>0.713202</td>\n",
       "      <td>0.731870</td>\n",
       "      <td>0.200355</td>\n",
       "      <td>0.326229</td>\n",
       "      <td>-0.002673</td>\n",
       "      <td>-0.279033</td>\n",
       "      <td>0.048858</td>\n",
       "      <td>0.334605</td>\n",
       "      <td>1.000000</td>\n",
       "      <td>0.183192</td>\n",
       "    </tr>\n",
       "    <tr>\n",
       "      <th>sqft_lot15</th>\n",
       "      <td>-0.138798</td>\n",
       "      <td>0.082447</td>\n",
       "      <td>0.025323</td>\n",
       "      <td>0.088615</td>\n",
       "      <td>0.181697</td>\n",
       "      <td>0.728800</td>\n",
       "      <td>-0.011269</td>\n",
       "      <td>0.030703</td>\n",
       "      <td>0.072575</td>\n",
       "      <td>-0.003406</td>\n",
       "      <td>0.119248</td>\n",
       "      <td>0.194050</td>\n",
       "      <td>0.017276</td>\n",
       "      <td>0.070958</td>\n",
       "      <td>0.007854</td>\n",
       "      <td>-0.147221</td>\n",
       "      <td>-0.086419</td>\n",
       "      <td>0.254451</td>\n",
       "      <td>0.183192</td>\n",
       "      <td>1.000000</td>\n",
       "    </tr>\n",
       "  </tbody>\n",
       "</table>\n",
       "</div>"
      ],
      "text/plain": [
       "                     id     price  bedrooms  bathrooms  sqft_living  sqft_lot  \\\n",
       "id             1.000000 -0.016762  0.003478   0.002095    -0.011733 -0.133237   \n",
       "price         -0.016762  1.000000  0.310823   0.526600     0.701579  0.088422   \n",
       "bedrooms       0.003478  0.310823  1.000000   0.515814     0.575974  0.028413   \n",
       "bathrooms      0.002095  0.526600  0.515814   1.000000     0.754229  0.086867   \n",
       "sqft_living   -0.011733  0.701579  0.575974   0.754229     1.000000  0.168363   \n",
       "sqft_lot      -0.133237  0.088422  0.028413   0.086867     0.168363  1.000000   \n",
       "floors         0.018525  0.256794  0.178472   0.501394     0.355316 -0.005682   \n",
       "waterfront    -0.002721  0.266369 -0.004474   0.068412     0.107053  0.021173   \n",
       "view           0.011592  0.397293  0.082579   0.186092     0.284038  0.074342   \n",
       "condition     -0.023783  0.036362  0.028169  -0.125976    -0.059371 -0.009154   \n",
       "grade          0.008130  0.667434  0.359268   0.665890     0.763833  0.111713   \n",
       "sqft_above    -0.010842  0.605567  0.478380   0.685552     0.875966  0.181152   \n",
       "sqft_basement -0.005151  0.323816  0.302168   0.284030     0.432535  0.015569   \n",
       "yr_built       0.021380  0.054012  0.156249   0.507716     0.319783  0.052165   \n",
       "yr_renovated  -0.016907  0.126434  0.019990   0.049887     0.057034  0.008996   \n",
       "zipcode       -0.008224 -0.053203 -0.154337  -0.205680    -0.199637 -0.131311   \n",
       "lat           -0.001891  0.307003 -0.009264   0.027456     0.051092 -0.087750   \n",
       "long           0.020799  0.021626  0.130509   0.224369     0.239572  0.229369   \n",
       "sqft_living15 -0.002901  0.585379  0.392849   0.569493     0.756901  0.145112   \n",
       "sqft_lot15    -0.138798  0.082447  0.025323   0.088615     0.181697  0.728800   \n",
       "\n",
       "                 floors  waterfront      view  condition     grade  \\\n",
       "id             0.018525   -0.002721  0.011592  -0.023783  0.008130   \n",
       "price          0.256794    0.266369  0.397293   0.036362  0.667434   \n",
       "bedrooms       0.178472   -0.004474  0.082579   0.028169  0.359268   \n",
       "bathrooms      0.501394    0.068412  0.186092  -0.125976  0.665890   \n",
       "sqft_living    0.355316    0.107053  0.284038  -0.059371  0.763833   \n",
       "sqft_lot      -0.005682    0.021173  0.074342  -0.009154  0.111713   \n",
       "floors         1.000000    0.023698  0.029444  -0.263768  0.458183   \n",
       "waterfront     0.023698    1.000000  0.401857   0.016653  0.082775   \n",
       "view           0.029444    0.401857  1.000000   0.045990  0.251321   \n",
       "condition     -0.263768    0.016653  0.045990   1.000000 -0.144674   \n",
       "grade          0.458183    0.082775  0.251321  -0.144674  1.000000   \n",
       "sqft_above     0.523885    0.072075  0.167649  -0.158214  0.755923   \n",
       "sqft_basement -0.245705    0.080588  0.276947   0.174105  0.168392   \n",
       "yr_built       0.489319   -0.026161 -0.053440  -0.361417  0.446963   \n",
       "yr_renovated   0.006338    0.092885  0.103917  -0.060618  0.014414   \n",
       "zipcode       -0.059121    0.030285  0.084827   0.003026 -0.184862   \n",
       "lat            0.049614   -0.014274  0.006157  -0.014941  0.114084   \n",
       "long           0.125419   -0.041910 -0.078400  -0.106500  0.198372   \n",
       "sqft_living15  0.279885    0.086463  0.280439  -0.092824  0.713202   \n",
       "sqft_lot15    -0.011269    0.030703  0.072575  -0.003406  0.119248   \n",
       "\n",
       "               sqft_above  sqft_basement  yr_built  yr_renovated   zipcode  \\\n",
       "id              -0.010842      -0.005151  0.021380     -0.016907 -0.008224   \n",
       "price            0.605567       0.323816  0.054012      0.126434 -0.053203   \n",
       "bedrooms         0.478380       0.302168  0.156249      0.019990 -0.154337   \n",
       "bathrooms        0.685552       0.284030  0.507716      0.049887 -0.205680   \n",
       "sqft_living      0.875966       0.432535  0.319783      0.057034 -0.199637   \n",
       "sqft_lot         0.181152       0.015569  0.052165      0.008996 -0.131311   \n",
       "floors           0.523885      -0.245705  0.489319      0.006338 -0.059121   \n",
       "waterfront       0.072075       0.080588 -0.026161      0.092885  0.030285   \n",
       "view             0.167649       0.276947 -0.053440      0.103917  0.084827   \n",
       "condition       -0.158214       0.174105 -0.361417     -0.060618  0.003026   \n",
       "grade            0.755923       0.168392  0.446963      0.014414 -0.184862   \n",
       "sqft_above       1.000000      -0.051943  0.423898      0.023285 -0.261190   \n",
       "sqft_basement   -0.051943       1.000000 -0.133124      0.071323  0.074845   \n",
       "yr_built         0.423898      -0.133124  1.000000     -0.224874 -0.346869   \n",
       "yr_renovated     0.023285       0.071323 -0.224874      1.000000  0.064357   \n",
       "zipcode         -0.261190       0.074845 -0.346869      0.064357  1.000000   \n",
       "lat             -0.000816       0.110538 -0.148122      0.029398  0.267048   \n",
       "long             0.343803      -0.144765  0.409356     -0.068372 -0.564072   \n",
       "sqft_living15    0.731870       0.200355  0.326229     -0.002673 -0.279033   \n",
       "sqft_lot15       0.194050       0.017276  0.070958      0.007854 -0.147221   \n",
       "\n",
       "                    lat      long  sqft_living15  sqft_lot15  \n",
       "id            -0.001891  0.020799      -0.002901   -0.138798  \n",
       "price          0.307003  0.021626       0.585379    0.082447  \n",
       "bedrooms      -0.009264  0.130509       0.392849    0.025323  \n",
       "bathrooms      0.027456  0.224369       0.569493    0.088615  \n",
       "sqft_living    0.051092  0.239572       0.756901    0.181697  \n",
       "sqft_lot      -0.087750  0.229369       0.145112    0.728800  \n",
       "floors         0.049614  0.125419       0.279885   -0.011269  \n",
       "waterfront    -0.014274 -0.041910       0.086463    0.030703  \n",
       "view           0.006157 -0.078400       0.280439    0.072575  \n",
       "condition     -0.014941 -0.106500      -0.092824   -0.003406  \n",
       "grade          0.114084  0.198372       0.713202    0.119248  \n",
       "sqft_above    -0.000816  0.343803       0.731870    0.194050  \n",
       "sqft_basement  0.110538 -0.144765       0.200355    0.017276  \n",
       "yr_built      -0.148122  0.409356       0.326229    0.070958  \n",
       "yr_renovated   0.029398 -0.068372      -0.002673    0.007854  \n",
       "zipcode        0.267048 -0.564072      -0.279033   -0.147221  \n",
       "lat            1.000000 -0.135512       0.048858   -0.086419  \n",
       "long          -0.135512  1.000000       0.334605    0.254451  \n",
       "sqft_living15  0.048858  0.334605       1.000000    0.183192  \n",
       "sqft_lot15    -0.086419  0.254451       0.183192    1.000000  "
      ]
     },
     "execution_count": 7,
     "metadata": {},
     "output_type": "execute_result"
    }
   ],
   "source": [
